version https://git-lfs.github.com/spec/v1
oid sha256:58909f85aa33ba398f845fc5e20552c33b2a7ea4c06ffaae5f046d76cff0681a
size 26783
